[42 43 46 49 48 47 44 45 50 51 52] 13.382 км ((-0.000, 0.00%))
[42 44 43 46 49 48 47 45 50 51 52] 13.763 км ((-0.381, 2.84%))
[42 45 50 47 44 43 46 49 48 51 52] 14.054 км ((-0.671, 5.02%))
[42 43 44 46 49 48 47 45 50 51 52] 14.111 км ((-0.729, 5.44%))
[42 43 44 45 50 47 46 49 48 51 52] 14.254 км ((-0.872, 6.52%))
[42 45 44 43 46 49 48 47 50 51 52] 14.318 км ((-0.936, 6.99%))
[42 44 47 48 49 46 43 45 50 51 52] 14.421 км ((-1.038, 7.76%))
[42 43 46 44 45 50 47 49 48 51 52] 14.468 км ((-1.085, 8.11%))
[42 47 48 49 46 43 44 45 50 51 52] 14.491 км ((-1.109, 8.28%))
[42 43 46 49 47 44 45 50 48 51 52] 14.527 км ((-1.144, 8.55%))
