[23 24 27 26 25 29 28 30 32 33 31 34] 17.906 км ((-0.000, 0.00%))
[23 24 27 31 26 25 29 28 30 32 33 34] 17.922 км ((-0.015, 0.09%))
[23 24 27 26 25 29 28 30 32 31 33 34] 18.185 км ((-0.279, 1.56%))
[23 24 31 27 26 25 29 28 30 32 33 34] 18.345 км ((-0.438, 2.45%))
[23 24 27 26 25 28 29 30 32 33 31 34] 18.536 км ((-0.629, 3.51%))
[23 24 27 31 26 25 28 29 30 32 33 34] 18.551 км ((-0.645, 3.60%))
[23 25 26 24 27 31 29 28 30 32 33 34] 18.575 км ((-0.669, 3.73%))
[23 25 28 30 32 29 26 24 27 31 33 34] 18.615 км ((-0.709, 3.96%))
[23 25 26 24 27 31 33 29 28 30 32 34] 18.709 км ((-0.803, 4.48%))
[23 24 27 26 29 25 28 30 32 33 31 34] 18.788 км ((-0.881, 4.92%))
