[6 8 9 7 11 10 14 15 18 17 13 12 16 19 20 21 22 SK] 19.506 км ((-0.000, 0.00%))
[6 8 9 7 11 10 14 15 18 21 22 20 17 13 12 16 19 SK] 19.519 км ((-0.014, 0.07%))
[6 8 9 7 10 11 15 14 18 17 13 12 16 19 20 21 22 SK] 19.592 км ((-0.086, 0.44%))
[6 8 9 7 10 11 15 14 18 21 22 20 17 13 12 16 19 SK] 19.606 км ((-0.100, 0.51%))
[6 8 9 7 11 10 15 14 18 17 13 12 16 19 20 21 22 SK] 19.619 км ((-0.113, 0.58%))
[6 8 9 7 11 10 15 14 18 21 22 20 17 13 12 16 19 SK] 19.632 км ((-0.127, 0.65%))
[6 8 9 7 10 11 15 14 13 12 16 17 18 21 22 20 19 SK] 19.838 км ((-0.332, 1.70%))
[6 8 9 7 11 10 15 14 13 12 16 17 18 21 22 20 19 SK] 19.865 км ((-0.359, 1.84%))
[6 8 9 7 10 11 14 15 18 17 13 12 16 19 20 21 22 SK] 19.879 км ((-0.374, 1.92%))
[6 8 9 7 10 11 14 15 18 21 22 20 17 13 12 16 19 SK] 19.893 км ((-0.387, 1.99%))
